 86   48                                              
 86   122                                                  
 86   122                                                        
 100  20                                                  
 100  101                                               
 100  101                                               
 100  210                                                 
 100  213                                                     
 100  535                                                 
 101  102                                                
 101  103                                                 
 102  120                                                  
 102  1503                                                  
 103  123                                              
 104  103                                               
 104  1503                                                  
 106  104                                               
 106  104                                                
 106  140                                                   
 106  140                                                    
 122  103                                                 
 123  120                                                 
 126  86                                               
 126  86                                               
 126  120                                                  
 126  120                                               
 131  22                                                    
 134  12                                                     
 134  131                                                 
 134  396                                                  
 136  16                                                    
 136  120                                               
 136  120                                                 
 136  131                                                 
 136  134                                               
 136  138                                               
 136  138                                             
 140  138                                                
 140  138                                              
 210  18                                                   
 210  217                                                     
 210  217                                                    
 210  370                                                 
 213  216                                                 
 216  396                                                
 217  216                                              
 217  218                                                
 217  218                                               
 218  234                                                 
 218  234                                                
 219  234                                                 
 219  234                                                
 220  35                                                   
 220  217                                                 
 220  219                                               
 225  217                                                  
 225  217                                                     
 225  231                                                
 225  231                                                
 228  219                                                     
 231  4501                                                 
 231  4501                                            
 233  210                                                 
 233  320                                                 
 234  233                                                     
 234  233                                                     
 320  210                                                
 320  300                                                   
 320  360                                                 
 325  301                                                   
 325  326                                                
 325  326                                                     
 325  360                                                  
 325  370                                                 
 326  134                                                
 326  396                                                 
 360  302                                                  
 370  303                                                   
 370  535                                               
 396  305                                                    
 535  500                                                 
 536  535                                                     
 536  535                                                  
 814  895                                             
 814  895                                                 
 824  800                                                     
 824  933                                                  
 824  933                                                 
 834  934                                                 
 839  840                                              
 839  840                                                     
 839  898                                                 
 839  1047                                             
 839  2458                                               
 839  2458                                                 
 856  810                                                   
 856  933                                                 
 856  1060                                                
 895  122                                                 
 895  122                                              
 896  897                                                
 897  808                                                    
 898  848                                                   
 898  1047                                                  
 933  895                                                 
 933  955                                                
 933  959                                                  
 934  933                                               
 934  1047                                                
 934  1047                                                 
 938  955                                            
 938  959                                            
 939  938                                                
 939  938                                                
 939  938                                                 
 939  1015                                                
 939  1015                                              
 955  964                                             
 959  895                                                
 960  834                                                 
 960  959                                                 
 960  959                                                 
 960  1015                                              
 960  1015                                                
 964  976                                                
 965  964                                                  
 965  964                                                  
 976  995                                                 
 995  904                                                     
 995  964                                                
 995  1030                                                
 995  1060                                               
1030  915                                                    
1030  955                                                
1047  919                                                    
1060  897                                                 
1060  925                                                   
1210  976                                               
1210  976                                              
1210  976                                                 
1503  1504                                               
2458  896                                                    
4501  4522                                                
4501  4522                                                  
4521  4523                                                     
4522  4521                                                 
4522  4532                                                  
4522  4532                                                  
4522  4623                                                
4522  4623                                                    
4532  4530                                                    
4532  4533                                                     
4532  4533                                                  
4532  4533                                                     
4532  4542                                              
4533  4596                                                    
4542  4552                                             
4552  4572                                                
4562  4572                                                  
4562 4582                                                
4592   21                                                   
4592 4542                                                   
4623 4533                                                  
4703 4533                                                   
4703 4533                                                  
4805 4804                                                 
4805 4807                                                
4805 4807                                               
4862 4532                                                
4862 4532                                                 
4862 4807   