1  54
2  58
3  62
4  19
5  20
6  22
7  23
8  25
9  29
10 31
11 32
12 36
13 17
14 41
15 42
16 18
17 36
18 49
18 50
19 68
20 19
21 68
22 21
23 22
24 23
24 68
25 54
26 25
27 37
27 26
28 26
29 26
29 28
30 53
30 61
31 30
31 53
32 30
33 32
34 33
34 35
36 34
36 61
37 68
38 31
38 33
40 41
40 48
41 42
42 18
43 17
44 39
44 43
45 35
45 39
45 44
46 38
47 53
48 47
49 46
51 45
51 50
52 37
52 55
54 53
55 54
56 55
57 56
58 57
59 58
60 57
60 59
61 60
63 58
63 62
63 64
65 62
65 64
66 56
66 65
67 66
68 67
27 53
